标题,详情
Floerns Women's Printed Bow Tied Neck Lantern Long Sleeve Workwear Shirts Blouse,Notice: fabric has no stretch
Floerns Women's Printed Bow Tied Neck Lantern Long Sleeve Workwear Shirts Blouse,"Lantern long sleeve, bow tie decoration, polka dot blouse"
Floerns Women's Printed Bow Tied Neck Lantern Long Sleeve Workwear Shirts Blouse,"Fit for casual daily, work wear, office, formal etc, for women"
Floerns Women's Printed Bow Tied Neck Lantern Long Sleeve Workwear Shirts Blouse,"Model: Height:175cm/5'9"", Bust:85cm/33"", Waist:61cm/24"", Hip:93cm/37"", Wear: S"
Floerns Women's Printed Bow Tied Neck Lantern Long Sleeve Workwear Shirts Blouse,Please refer to Size Chart in Product Description as below
Floerns Women's Printed Bow Tied Neck Lantern Long Sleeve Workwear Shirts Blouse,
